2
2
12
11
4
7
12
14
18
20
9
13
19
20
2
5
15
19
7
9
11
21
0
10
11
2
2
5
5
7
18
0
11
3
0
2
5
15
17
8
7
19
21
13
11
19
8
14
4
3
3
3
20
8
7
7
19
11
22
19
22
4
18
16
5
0
7
21
19
21
2
2
3
2
6
5
7
9
10
18
1
15
12
20
10
18
0
17
17
20
21
22
0
2
4
3
7
4
10
8
6
12
10
11
12
18
8
8
14
13
20
2
18
0
1
22
18
22
4
4
3
6
3
8
12
0
11
13
11
16
14
16
12
10
9
15
10
21
22
1
2
15
17
16
22
5
7
1
2
12
11
13
6
7
14
10
18
22
16
22
1
13
10
14
22
1
16
6
18
11
21
13
2
14
17
5
6
7
4
8
21
22
0
6
1
3
0
1
4
20
4
16
12
6
8
7
7
16
3
9
16
15
16
20
16
22
21
19
7
5
3
22
11
21
6
4
13
19
14
15
16
2
18
19
20
3
12
20
18
19
22
1
22
0
3
22
6
7
8
7
15
14
1
13
15
13
16
20
19
19
19
21
21
5
0
1
20
4
5
2
9
2
14
21
11
11
9
4
13
18
5
8
17
3
5
4
5
9
14
3
9
15
20
14
14
14
7
12
14
21
0
15
16
13
16
13
13
16
18
15
19
6
19
19
21
8
8
13
6
10
8
0
11
12
4
15
22
15
14
20
1
7
7
21
3
21
5
6
6
18
18
8
11
16
17
5
6
6
19
19
8
0
21
2
11
22
0
16
18
22
22
11
6
10
8
9
22
14
11
12
16
5
16
7
12
14
16
19
8
3
3
14
4
13
9
10
11
11
12
18
12
14
22
21
14
15
14
21
16
0
18
20
22
9
1
2
13
1
8
9
8
11
15
10
3
3
16
9
18
17
19
19
0
1
0
20
7
9
4
6
3
8
7
5
22
8
0
10
5
13
9
11
14
17
10
20
13
17
10
12
2
3
7
18
20
20
21
8
11
16
13
18
15
20
18
17
18
19
22
12
14
2
16
5
1
5
6
7
21
10
22
10
8
12
19
16
15
15
2
4
18
20
0
22
2
4
4
5
3
5
8
7
1
2
13
15
5
16
15
16
13
